initial_pose:
  translation: [0.0286237, 0.0989885, 0.7715]
  rotation: [1, 0, 0, 0, 1, 0, 0, 0, 1]
